1 3 2

100

10
11
01
00
00
00
00
00
00
00
10
11
01
00
00
00
00
00
00
00
10
11
01
00
00
00
00
00
00
00
10
11
01
00
00
00
00
00
00
00
10
11
01
00
00
00
00
00
00
00
10
11
01
00
00
00
00
00
00
00
10
11
01
00
00
00
00
00
00
00
10
11
01
00
00
00
00
00
00
00
10
11
01
00
00
00
00
00
00
00
10
11
01
00
00
00
00
00
00
00



100

10
11
00
00
00
00
00
00
00
00
10
11
00
00
00
00
00
00
00
00
10
11
00
00
00
00
00
00
00
00
10
11
00
00
00
00
00
00
00
00
10
11
00
00
00
00
00
00
00
00
10
11
00
00
00
00
00
00
00
00
10
11
00
00
00
00
00
00
00
00
10
11
00
00
00
00
00
00
00
00
10
11
00
00
00
00
00
00
00
00
10
11
00
00
00
00
00
00
00
00



50

00
01
10
10
00
00
01
10
10
00
00
01
10
10
00
00
01
10
10
00
00
01
10
10
00
00
01
10
10
00
00
01
10
10
00
00
01
10
10
00
00
01
10
10
00
00
01
10
10
00




150

00
01
01
01
01
00
00
00
00
00
11
00
00
00
11
00
01
01
01
01
00
00
00
00
00
11
00
00
00
11
00
01
01
01
01
00
00
00
00
00
11
00
00
00
11
00
01
01
01
01
00
00
00
00
00
11
00
00
00
11
00
01
01
01
01
00
00
00
00
00
11
00
00
00
11
00
01
01
01
01
00
00
00
00
00
11
00
00
00
11
00
01
01
01
01
00
00
00
00
00
11
00
00
00
11
00
01
01
01
01
00
00
00
00
00
11
00
00
00
11
00
01
01
01
01
00
00
00
00
00
11
00
00
00
11
00
01
01
01
01
00
00
00
00
00
11
00
00
00
11

